20 45 70 30
30 70 60 20
40 70 10 0
40 75 80 5
5 10 80 35
40 70 75 0
30 70 70 20
20 55 70 30
0 5 80 30
5 70 80 35
5 20 80 35
10 40 75 30
15 30 75 35
35 75 35 15
40 70 80 0
40 75 60 5
35 70 35 10
35 75 75 15
35 75 80 15
10 70 75 30
35 75 25 15
35 75 30 15
20 35 70 30
35 70 20 10
5 60 80 35
35 70 25 10
5 40 80 35
0 40 80 30
40 75 50 5
35 70 40 10
10 15 75 30
30 70 80 20
20 50 70 30
10 30 75 30
35 75 70 15
30 70 40 20
30 70 45 20
30 70 75 20
40 70 70 0
0 60 80 30
40 70 20 0
0 15 80 30
35 75 40 15
15 50 75 35
10 60 75 30
20 60 75 35
10 50 75 30
30 70 35 20
20 60 70 30
20 70 70 30
35 75 50 15
40 75 75 5
40 70 60 0
0 20 80 30
35 70 30 10
40 75 30 5
5 25 80 35
40 75 70 5
30 70 50 20
15 40 75 35
15 45 75 35
25 40 70 30
35 75 60 15
15 25 75 35
10 25 75 30
0 50 80 30
40 75 40 5
35 70 50 10
0 70 80 30
40 75 15 5
15 70 75 35
20 25 70 30
20 30 70 30
15 35 75 35
30 70 30 20
10 20 75 30
40 70 50 0
0 30 80 30
35 70 70 10
40 70 30 0
40 75 20 5
40 70 40 0
0 10 80 30
35 70 80 10
5 30 80 35
35 70 60 10
5 50 80 35
5 15 80 35
15 20 75 35
10 35 75 30